11, 11
27, 11
43, 11
59, 11
75, 11
91, 11
107, 11
123, 11
139, 11
155, 11
171, 11
187, 11
235, 11
251, 11
267, 11
283, 11
299, 11
315, 11
331, 11
347, 11
363, 11
379, 11
395, 11
411, 11
11, 27
91, 27
187, 27
235, 27
331, 27
411, 27
91, 43
187, 43
235, 43
331, 43
11, 59
91, 59
187, 59
235, 59
331, 59
411, 59
11, 75
27, 75
43, 75
59, 75
75, 75
91, 75
107, 75
123, 75
139, 75
155, 75
171, 75
187, 75
203, 75
219, 75
235, 75
251, 75
267, 75
283, 75
299, 75
315, 75
331, 75
347, 75
363, 75
379, 75
395, 75
411, 75
11, 91
91, 91
139, 91
283, 91
331, 91
411, 91
11, 107
91, 107
139, 107
283, 107
331, 107
411, 107
11, 123
27, 123
43, 123
59, 123
75, 123
91, 123
139, 123
155, 123
171, 123
187, 123
235, 123
251, 123
267, 123
283, 123
331, 123
347, 123
363, 123
379, 123
395, 123
411, 123
91, 139
331, 139
91, 155
331, 155
91, 171
331, 171
91, 187
331, 187
91, 203
331, 203
91, 219
331, 219
91, 235
331, 235
91, 251
331, 251
91, 267
331, 267
91, 283
331, 283
91, 299
331, 299
11, 315
27, 315
43, 315
59, 315
75, 315
91, 315
107, 315
123, 315
139, 315
155, 315
171, 315
187, 315
235, 315
251, 315
267, 315
283, 315
299, 315
315, 315
331, 315
347, 315
363, 315
379, 315
395, 315
411, 315
11, 331
91, 331
187, 331
235, 331
331, 331
411, 331
27, 363
43, 363
91, 363
107, 363
123, 363
139, 363
155, 363
171, 363
187, 363
235, 363
251, 363
267, 363
283, 363
299, 363
315, 363
331, 363
379, 363
395, 363
43, 379
91, 379
139, 379
283, 379
331, 379
379, 379
43, 395
91, 395
139, 395
283, 395
331, 395
379, 395
11, 411
27, 411
43, 411
59, 411
75, 411
91, 411
139, 411
155, 411
171, 411
187, 411
235, 411
251, 411
267, 411
283, 411
331, 411
347, 411
363, 411
379, 411
395, 411
411, 411
11, 427
187, 427
235, 427
411, 427
11, 443
187, 443
235, 443
411, 443
11, 459
27, 459
43, 459
59, 459
75, 459
91, 459
107, 459
123, 459
139, 459
155, 459
171, 459
187, 459
203, 459
219, 459
235, 459
251, 459
267, 459
283, 459
299, 459
315, 459
331, 459
347, 459
363, 459
379, 459
395, 459
411, 459